0.061673 0.13151 0.05362 run1
0.068843 0.13766 0.087722 run3
0.061548 0.13161 0.10226 run4
0.06407 0.12858 0.12617 run5
0.079009 0.2061 0.050747 run21
0.078452 0.2289 0.070807 run22
0.07586 0.17738 0.084309 run23
0.076664 0.19912 0.1011 run24
0.077298 0.18672 0.14601 run26
0.084991 0.2296 0.050358 run41
0.084452 0.22775 0.06466 run42
0.084904 0.26314 0.090372 run43
0.082085 0.19225 0.12433 run45
0.086403 0.198 0.14128 run46
0.08206 0.22285 0.16501 run47
0.080821 0.23007 0.175 run48
0.08621 0.26865 0.21653 run50
0.089344 0.30382 0.25748 run52
0.098541 0.28167 0.048479 run61
0.09446 0.26326 0.063963 run62
0.091771 0.18425 0.08847 run63
0.093308 0.26017 0.10925 run64
0.091182 0.25028 0.12857 run65
0.091757 0.29875 0.26814 run73
0.10071 0.29071 0.047425 run81
0.10054 0.31448 0.067838 run82
0.10013 0.30056 0.090814 run83
0.10307 0.31365 0.12324 run85
0.10332 0.31783 0.1585 run87
0.10046 0.32159 0.19742 run89
0.1009 0.31111 0.23002 run91
0.061673 0.13151 0.05362 run1
0.068843 0.13766 0.087722 run3
0.061548 0.13161 0.10226 run4
0.06407 0.12858 0.12617 run5
0.079009 0.2061 0.050747 run21
0.078452 0.2289 0.070807 run22
0.07586 0.17738 0.084309 run23
0.076664 0.19912 0.1011 run24
0.077298 0.18672 0.14601 run26
0.084991 0.2296 0.050358 run41
0.084452 0.22775 0.06466 run42
0.084904 0.26314 0.090372 run43
0.082085 0.19225 0.12433 run45
0.086403 0.198 0.14128 run46
0.08206 0.22285 0.16501 run47
0.080821 0.23007 0.175 run48
0.08621 0.26865 0.21653 run50
0.089344 0.30382 0.25748 run52
0.098541 0.28167 0.048479 run61
0.09446 0.26326 0.063963 run62
0.091771 0.18425 0.08847 run63
0.093308 0.26017 0.10925 run64
0.091182 0.25028 0.12857 run65
0.091757 0.29875 0.26814 run73
0.10071 0.29071 0.047425 run81
0.10054 0.31448 0.067838 run82
0.10013 0.30056 0.090814 run83
0.10307 0.31365 0.12324 run85
0.10332 0.31783 0.1585 run87
0.10046 0.32159 0.19742 run89
0.1009 0.31111 0.23002 run91
